00000001 01 START
11000011 C3 DATA0

01001000 12 
10000000 01
00000000 00
01000000 02
00000000 00
00000000 00
00000000 00
00000010 40
10010000 09
01001000 12
10000000 01
00000000 00
00000000 00
10000000 01
00000000 00
00000000 00
00000000 00
10000000 01

11101110 CRC
00111001

0 1 0 0 1 0 0 0 1 0 0 0 0 0 0 0 0 0 0 0 0 0 0 0 0 1 0 0 0 0 0 0 0 0 0 0 0 0 0 0 0 0 0 0 0 0 0 0 0 0 0 0 0 0 0 0 0 0 0 0 0 0 1 0 1 0 0 1 0 0 0 0 0 1 0 0 1 0 0 0 1 0 0 0 0 0 0 0 0 0 0 0 0 0 0 0 0 0 0 0 0 0 0 0 1 0 0 0 0 0 0 0 0 0 0 0 0 0 0 0 0 0 0 0 0 0 0 0 0 0 0 0 0 0 0 0 1 0 0 0 0 0 0 0

